%% ========================================================================
%% Programmatic octave notes on "Ripples in Mathematics" by A. Jensen
%% and A. la Cour-Harbo written with a deep gratitude to the authors for
%% this wonderful text. 
%% 
%% Reconstruction of graphs in Figure 4.13, top, p.34, Ch 04, S6, CDF(2,4)
%%
%% Author: Vladimir Kulyukin
%% 
%% NB: I have tested this code in Octave 4.
%% =========================================================================
t = [0:1023];

y_fig_4_13_s6_p34 = [
0.8334374694168124
0.8746018454451339
0.9000520197714186
0.9297128017534636
0.9436593820334725
0.9618165699692416
0.9841843655607714
1.0054239322312957
1.0109492971997835
1.0206852698240316
1.0346318501040406
1.0474502014630438
1.0644791604778079
1.0803798905715662
1.0951523917443196
1.1102272009453331
1.1095878084443114
1.1131590235990494
1.120940846409548
1.1275944402990412
1.1384586418442948
1.1481946144685429
1.156802358171786
1.1657124099032892
1.1788330692905538
1.1908254997568126
1.2016897013020662
1.2128562108755803
1.2228944915280895
1.2332350802088594
1.2438779769178898
1.254439870434882
1.2110979812394718
1.1821995670908323
1.1677446279889643
1.1494195714124142
1.1455379898826357
1.1377862908781755
1.126164474399034
1.1155796527718467
1.1194383061914315
1.1194268421363345
1.1155452606065561
1.1127006739287317
1.1059859697762262
1.1003082604756749
1.0956675460270784
1.0907489696453452
1.1002738683103839
1.1059286495007408
1.1077133132164163
1.1105349717840463
1.1094865128769946
1.1094750488218974
1.1105005796187546
1.1112482484824753
1.1081257998715153
1.1060403461125092
1.104991887205458
1.1036655663652697
1.1033762403770364
1.1028090524556662
1.1019640026011595
1.1011934056272439
1.0804549230049674
1.0650668192167259
1.0550290942625198
1.0435577396205333
1.0374367638125825
1.0298821583168511
1.0208939231333396
1.0122898278669137
1.009036111434524
1.0043487653143537
0.9982277895064031
0.9924909536155382
0.9853204880368931
0.9785341623753336
0.9721319766308607
0.9656268609058234
0.9644721240148226
0.9618837574360412
0.9578617611694791
0.954223904820003
0.9491524187827467
0.9444650726625761
0.940161866459492
0.9357557302758437
0.9299159644044154
0.9244603384500729
0.9193888524128164
0.914214436394996
0.9094241602942621
0.904530954212964
0.8995348181511023
0.8945662620944093
0.8821806799729595
0.8717824839958015
0.863371674162936
0.8544283458176585
0.8474724036166736
0.8399839429032765
0.8319629636774675
0.8240846723570137
0.8181937671808528
0.8117703434922795
0.8048144012912944
0.7980011469956646
0.7906553741876231
0.7834522892849367
0.7763918922876059
0.7692932621812651
0.7641820182192176
0.7585382557447576
0.7523619747578856
0.7463283816763691
0.7397622700824406
0.7333388463938673
0.7270581106106495
0.7207391417184219
0.7138876543137829
0.7071788548144988
0.7006127432205703
0.6940083985176319
0.6875467417200493
0.6810468518134568
0.6745087287978546
0.6679808503129355
0.6590536341444863
0.6507693185707082
0.6431279035916019
0.6353142239173396
0.6281434448377491
0.6208004010630027
0.6132850925931008
0.6058159423091499
0.5989896926198712
0.5919911782354363
0.5848203991558458
0.5776957782622065
0.5703988926734118
0.5631481652705682
0.5559435960536762
0.5487266587881341
0.542152622117264
0.535406320751238
0.5284877546900562
0.5216153468148256
0.5145706742444396
0.5075721598600047
0.5006198036615214
0.493655079414388
0.4865180904720994
0.47942725971576183
0.47238258714537573
0.46532554652633973
0.4583146640932553
0.451291413611521
0.4442557950811369
0.43722349055940035
0.43248940333009855
0.42713951063325745
0.4211738124688774
0.41537311888221895
0.4089566198280217
0.40270512535154607
0.3966186354527922
0.39048793271069027
0.38374142450104953
0.37715992086913036
0.370743421814933
0.36428270991738754
0.35798700259756405
0.35164708243439247
0.3452629494278729
0.3388906632170234
0.33190257153863517
0.3250794844379685
0.3184214019150236
0.31171910654873064
0.30518181576015957
0.2986003121282404
0.2919745956529733
0.28536072597337625
0.2789118608715012
0.2724187829262781
0.265881492137707
0.259356048144806
0.25278639130855707
0.24622858126797825
0.23968261802306962
0.23313348043882826
0.23409327076547037
0.23304104992236763
0.22997681790952026
0.2274517026647683
0.22291457625027175
0.2189165666038706
0.21545767372556496
0.21185432494462197
0.20623896499393446
0.20116272181134237
0.1966255953968457
0.19194401307971182
0.18780154753067343
0.18351462607899777
0.17908324872468484
0.1746905782128254
0.16828589653122145
0.16242033161771288
0.15709388347229986
0.1516229794242495
0.14669119214429466
0.1416149489617025
0.13639424987647314
0.13121225763369732
0.12656938215901703
0.12178205078169944
0.1168502635017446
0.11195718306424329
0.10691964672410478
0.10192081722641977
0.09696069457118836
0.09199020044877991
0.09891657748213448
0.10265519749684521
0.10320606049291212
0.10461108040779127
0.10282834330402668
0.10189976311907432
0.10182533985293421
0.10152204593018888
0.09803099498879977
0.09539410096622289
0.09361136386245827
0.09159975610208845
0.0904423052605309
0.08905598376236815
0.08744079160760015
0.0858869251604407
0.08114530169463754
0.07725783514764659
0.07422452551946786
0.07096234523468394
0.06855432186871227
0.06591742784613538
0.06305166316695332
0.060247224195379784
0.058296942142618546
0.05611778943325208
0.05370976606728041
0.05136306840891727
0.04878750009394896
0.04627325748658918
0.04382034058683794
0.04135099151325772
0.052016677243873884
0.05916284100615092
0.06278948280008886
0.06735917766318686
0.06840935055794577
0.07040257652186471
0.07333885555494372
0.07602244427972159
0.07518651103616039
0.0752936308617592
0.0763438037565181
0.07714128634297585
0.07888182199859368
0.08036966734591036
0.08160482238492593
0.08290768558798593
0.08069102682270689
0.07941742112658785
0.0790868684996289
0.0785036255643688
0.07886343569826876
0.07897055552386757
0.0788249850411653
0.07874712272250745
0.07961231347300968
0.08022481391521077
0.08058462404911074
0.08101214234705514
0.08118697033669844
0.08142950649038619
0.08173975080811839
0.08203185277797387
0.09292906267247185
0.10098464246291694
0.1061985921493092
0.11217395432727037
0.11530768640117872
0.11920283096665595
0.12385938802370214
0.1283119252185254
0.12992283230929597
0.13229515189163538
0.13542888396554376
0.13835859617722923
0.14204972088048362
0.14553682572151513
0.1488199107003238
0.15215766263645497
0.1526537844685334
0.1539113187921807
0.15593026560739692
0.15774519256039024
0.16032153200495255
0.16269385158729197
0.16486215130740853
0.16708511798484757
0.1700694971538556
0.17284985646064072
0.17542619590520303
0.1780572023070878
0.18048418884674974
0.18296584234373417
0.18550216279804116
0.18802383528528088
0.1968130471830748
0.20392287695728045
0.2093533246078979
0.21523376134231406
0.21943481595314207
0.22408585964776867
0.22918689242619408
0.23416735099301275
0.2374684274362433
0.24121949296327252
0.24542054757410048
0.2495010279733217
0.2540314974563417
0.2584413927277549
0.2627307137875615
0.2670523426099961
0.26969458930884266
0.2727868250914879
0.2763290499579318
0.27975070061276897
0.2836223403514049
0.287373405878434
0.2910038971938566
0.2946666962719071
0.29877948443375657
0.30277169838399914
0.3066433381226351
0.310547285623899
0.3143306589135563
0.3181463399658416
0.3219943287807549
0.3258336607567627
0.33204822548595253
0.3376263485170912
0.3425680298501789
0.34768024522228874
0.35215601889634773
0.3568023266094289
0.36161916836153235
0.36639031565559765
0.3705250212516121
0.3748302608866486
0.3793060345607076
0.3837361137767284
0.3883367270317716
0.39289164582877667
0.3974008701677438
0.40192233829984053
0.40580736473388673
0.40986292520695494
0.41408901971904544
0.41826941977309773
0.42262035386617247
0.4269255935012091
0.43118513867820774
0.43545692764833605
0.4398992506574869
0.4442958792085996
0.44864681330167433
0.45300999118787877
0.45732747461604534
0.4616572018373416
0.46599917285176795
0.47033786315171255
0.4744859355173582
0.47868508380456204
